{
 "cells": [
  {
   "cell_type": "code",
   "execution_count": 39,
   "id": "2dea64fb-fbc6-4b0a-968d-42a2894ed04d",
   "metadata": {
    "id": "2dea64fb-fbc6-4b0a-968d-42a2894ed04d"
   },
   "outputs": [],
   "source": [
    "import pandas as pd\n",
    "import csv\n",
    "from pymongo import MongoClient"
   ]
  },
  {
   "cell_type": "markdown",
   "id": "ea3f4e84-64f6-4fe8-ad86-4713f3c98682",
   "metadata": {
    "id": "ea3f4e84-64f6-4fe8-ad86-4713f3c98682"
   },
   "source": [
    "## Veri setinin okunması"
   ]
  },
  {
   "cell_type": "code",
   "execution_count": 40,
   "id": "662d966d-1412-4f10-bccc-48d868860ea1",
   "metadata": {
    "id": "662d966d-1412-4f10-bccc-48d868860ea1",
    "outputId": "832d2d36-ea49-4fd2-f5c3-05e83029ebdd"
   },
   "outputs": [
    {
     "data": {
      "text/html": [
       "<div>\n",
       "<style scoped>\n",
       "    .dataframe tbody tr th:only-of-type {\n",
       "        vertical-align: middle;\n",
       "    }\n",
       "\n",
       "    .dataframe tbody tr th {\n",
       "        vertical-align: top;\n",
       "    }\n",
       "\n",
       "    .dataframe thead th {\n",
       "        text-align: right;\n",
       "    }\n",
       "</style>\n",
       "<table border=\"1\" class=\"dataframe\">\n",
       "  <thead>\n",
       "    <tr style=\"text-align: right;\">\n",
       "      <th></th>\n",
       "      <th>date</th>\n",
       "      <th>hour</th>\n",
       "      <th>store_id</th>\n",
       "      <th>imwh</th>\n",
       "    </tr>\n",
       "  </thead>\n",
       "  <tbody>\n",
       "    <tr>\n",
       "      <th>0</th>\n",
       "      <td>2022-06-05</td>\n",
       "      <td>19</td>\n",
       "      <td>2007</td>\n",
       "      <td>120.82733</td>\n",
       "    </tr>\n",
       "    <tr>\n",
       "      <th>1</th>\n",
       "      <td>2022-06-05</td>\n",
       "      <td>7</td>\n",
       "      <td>6193</td>\n",
       "      <td>56.28347</td>\n",
       "    </tr>\n",
       "    <tr>\n",
       "      <th>2</th>\n",
       "      <td>2022-06-05</td>\n",
       "      <td>10</td>\n",
       "      <td>1012</td>\n",
       "      <td>104.77353</td>\n",
       "    </tr>\n",
       "    <tr>\n",
       "      <th>3</th>\n",
       "      <td>2022-06-05</td>\n",
       "      <td>6</td>\n",
       "      <td>1096</td>\n",
       "      <td>89.07027</td>\n",
       "    </tr>\n",
       "    <tr>\n",
       "      <th>4</th>\n",
       "      <td>2022-06-05</td>\n",
       "      <td>11</td>\n",
       "      <td>3604</td>\n",
       "      <td>152.54100</td>\n",
       "    </tr>\n",
       "  </tbody>\n",
       "</table>\n",
       "</div>"
      ],
      "text/plain": [
       "         date  hour  store_id       imwh\n",
       "0  2022-06-05    19      2007  120.82733\n",
       "1  2022-06-05     7      6193   56.28347\n",
       "2  2022-06-05    10      1012  104.77353\n",
       "3  2022-06-05     6      1096   89.07027\n",
       "4  2022-06-05    11      3604  152.54100"
      ]
     },
     "execution_count": 40,
     "metadata": {},
     "output_type": "execute_result"
    }
   ],
   "source": [
    "df = pd.read_csv(\"elektriktuketim_data.csv\",sep=\",\",\n",
    "                               names=[\"date\",\"hour\",\"store_id\",\"imwh\"])\n",
    "df.head()"
   ]
  },
  {
   "cell_type": "markdown",
   "id": "16a3a43a-5230-44bf-b1f8-14462e9f1b2a",
   "metadata": {
    "id": "16a3a43a-5230-44bf-b1f8-14462e9f1b2a"
   },
   "source": [
    "## Filtreleme işlemleri\n",
    "Mağaza id'sine göre magaza verilerinin alınması:"
   ]
  },
  {
   "cell_type": "code",
   "execution_count": 41,
   "id": "5144b6f6-3b36-486d-8100-547b792d3127",
   "metadata": {
    "id": "5144b6f6-3b36-486d-8100-547b792d3127"
   },
   "outputs": [
    {
     "data": {
      "text/html": [
       "<div>\n",
       "<style scoped>\n",
       "    .dataframe tbody tr th:only-of-type {\n",
       "        vertical-align: middle;\n",
       "    }\n",
       "\n",
       "    .dataframe tbody tr th {\n",
       "        vertical-align: top;\n",
       "    }\n",
       "\n",
       "    .dataframe thead th {\n",
       "        text-align: right;\n",
       "    }\n",
       "</style>\n",
       "<table border=\"1\" class=\"dataframe\">\n",
       "  <thead>\n",
       "    <tr style=\"text-align: right;\">\n",
       "      <th></th>\n",
       "      <th>date</th>\n",
       "      <th>hour</th>\n",
       "      <th>store_id</th>\n",
       "      <th>imwh</th>\n",
       "    </tr>\n",
       "  </thead>\n",
       "  <tbody>\n",
       "    <tr>\n",
       "      <th>13</th>\n",
       "      <td>2022-06-05</td>\n",
       "      <td>22</td>\n",
       "      <td>282</td>\n",
       "      <td>45.50200</td>\n",
       "    </tr>\n",
       "    <tr>\n",
       "      <th>14</th>\n",
       "      <td>2022-06-05</td>\n",
       "      <td>4</td>\n",
       "      <td>282</td>\n",
       "      <td>30.33747</td>\n",
       "    </tr>\n",
       "    <tr>\n",
       "      <th>18</th>\n",
       "      <td>2022-06-05</td>\n",
       "      <td>11</td>\n",
       "      <td>282</td>\n",
       "      <td>53.77514</td>\n",
       "    </tr>\n",
       "    <tr>\n",
       "      <th>30</th>\n",
       "      <td>2022-06-05</td>\n",
       "      <td>14</td>\n",
       "      <td>282</td>\n",
       "      <td>53.49546</td>\n",
       "    </tr>\n",
       "    <tr>\n",
       "      <th>40</th>\n",
       "      <td>2022-06-05</td>\n",
       "      <td>20</td>\n",
       "      <td>282</td>\n",
       "      <td>56.56680</td>\n",
       "    </tr>\n",
       "    <tr>\n",
       "      <th>53</th>\n",
       "      <td>2022-06-05</td>\n",
       "      <td>16</td>\n",
       "      <td>282</td>\n",
       "      <td>52.19456</td>\n",
       "    </tr>\n",
       "    <tr>\n",
       "      <th>84</th>\n",
       "      <td>2022-06-05</td>\n",
       "      <td>21</td>\n",
       "      <td>282</td>\n",
       "      <td>52.07381</td>\n",
       "    </tr>\n",
       "    <tr>\n",
       "      <th>86</th>\n",
       "      <td>2022-06-05</td>\n",
       "      <td>12</td>\n",
       "      <td>282</td>\n",
       "      <td>55.32460</td>\n",
       "    </tr>\n",
       "    <tr>\n",
       "      <th>97</th>\n",
       "      <td>2022-06-05</td>\n",
       "      <td>10</td>\n",
       "      <td>282</td>\n",
       "      <td>55.88620</td>\n",
       "    </tr>\n",
       "    <tr>\n",
       "      <th>98</th>\n",
       "      <td>2022-06-05</td>\n",
       "      <td>0</td>\n",
       "      <td>282</td>\n",
       "      <td>35.50907</td>\n",
       "    </tr>\n",
       "    <tr>\n",
       "      <th>105</th>\n",
       "      <td>2022-06-05</td>\n",
       "      <td>2</td>\n",
       "      <td>282</td>\n",
       "      <td>30.18487</td>\n",
       "    </tr>\n",
       "    <tr>\n",
       "      <th>118</th>\n",
       "      <td>2022-06-05</td>\n",
       "      <td>15</td>\n",
       "      <td>282</td>\n",
       "      <td>52.93817</td>\n",
       "    </tr>\n",
       "    <tr>\n",
       "      <th>130</th>\n",
       "      <td>2022-06-05</td>\n",
       "      <td>3</td>\n",
       "      <td>282</td>\n",
       "      <td>29.05380</td>\n",
       "    </tr>\n",
       "    <tr>\n",
       "      <th>177</th>\n",
       "      <td>2022-06-05</td>\n",
       "      <td>19</td>\n",
       "      <td>282</td>\n",
       "      <td>55.32580</td>\n",
       "    </tr>\n",
       "    <tr>\n",
       "      <th>186</th>\n",
       "      <td>2022-06-05</td>\n",
       "      <td>23</td>\n",
       "      <td>282</td>\n",
       "      <td>33.87973</td>\n",
       "    </tr>\n",
       "    <tr>\n",
       "      <th>196</th>\n",
       "      <td>2022-06-05</td>\n",
       "      <td>18</td>\n",
       "      <td>282</td>\n",
       "      <td>51.56978</td>\n",
       "    </tr>\n",
       "    <tr>\n",
       "      <th>204</th>\n",
       "      <td>2022-06-05</td>\n",
       "      <td>6</td>\n",
       "      <td>282</td>\n",
       "      <td>29.86673</td>\n",
       "    </tr>\n",
       "    <tr>\n",
       "      <th>206</th>\n",
       "      <td>2022-06-05</td>\n",
       "      <td>9</td>\n",
       "      <td>282</td>\n",
       "      <td>52.37020</td>\n",
       "    </tr>\n",
       "    <tr>\n",
       "      <th>208</th>\n",
       "      <td>2022-06-05</td>\n",
       "      <td>5</td>\n",
       "      <td>282</td>\n",
       "      <td>30.65119</td>\n",
       "    </tr>\n",
       "    <tr>\n",
       "      <th>214</th>\n",
       "      <td>2022-06-05</td>\n",
       "      <td>8</td>\n",
       "      <td>282</td>\n",
       "      <td>54.72253</td>\n",
       "    </tr>\n",
       "    <tr>\n",
       "      <th>220</th>\n",
       "      <td>2022-06-05</td>\n",
       "      <td>7</td>\n",
       "      <td>282</td>\n",
       "      <td>47.21779</td>\n",
       "    </tr>\n",
       "    <tr>\n",
       "      <th>221</th>\n",
       "      <td>2022-06-05</td>\n",
       "      <td>1</td>\n",
       "      <td>282</td>\n",
       "      <td>30.98254</td>\n",
       "    </tr>\n",
       "    <tr>\n",
       "      <th>223</th>\n",
       "      <td>2022-06-05</td>\n",
       "      <td>17</td>\n",
       "      <td>282</td>\n",
       "      <td>53.11455</td>\n",
       "    </tr>\n",
       "    <tr>\n",
       "      <th>224</th>\n",
       "      <td>2022-06-05</td>\n",
       "      <td>13</td>\n",
       "      <td>282</td>\n",
       "      <td>53.77840</td>\n",
       "    </tr>\n",
       "  </tbody>\n",
       "</table>\n",
       "</div>"
      ],
      "text/plain": [
       "           date  hour  store_id      imwh\n",
       "13   2022-06-05    22       282  45.50200\n",
       "14   2022-06-05     4       282  30.33747\n",
       "18   2022-06-05    11       282  53.77514\n",
       "30   2022-06-05    14       282  53.49546\n",
       "40   2022-06-05    20       282  56.56680\n",
       "53   2022-06-05    16       282  52.19456\n",
       "84   2022-06-05    21       282  52.07381\n",
       "86   2022-06-05    12       282  55.32460\n",
       "97   2022-06-05    10       282  55.88620\n",
       "98   2022-06-05     0       282  35.50907\n",
       "105  2022-06-05     2       282  30.18487\n",
       "118  2022-06-05    15       282  52.93817\n",
       "130  2022-06-05     3       282  29.05380\n",
       "177  2022-06-05    19       282  55.32580\n",
       "186  2022-06-05    23       282  33.87973\n",
       "196  2022-06-05    18       282  51.56978\n",
       "204  2022-06-05     6       282  29.86673\n",
       "206  2022-06-05     9       282  52.37020\n",
       "208  2022-06-05     5       282  30.65119\n",
       "214  2022-06-05     8       282  54.72253\n",
       "220  2022-06-05     7       282  47.21779\n",
       "221  2022-06-05     1       282  30.98254\n",
       "223  2022-06-05    17       282  53.11455\n",
       "224  2022-06-05    13       282  53.77840"
      ]
     },
     "execution_count": 41,
     "metadata": {},
     "output_type": "execute_result"
    }
   ],
   "source": [
    "#magaza id'leri : 282,318,911,1012,1096,1922,2007,2177,3604,6193\n",
    "\n",
    "magaza_282_data =  df[df[\"store_id\"] == 282]\n",
    "magaza_282_data"
   ]
  },
  {
   "cell_type": "markdown",
   "id": "ba8b0b2f-13da-4cee-8be9-3b5c9851f945",
   "metadata": {
    "id": "ba8b0b2f-13da-4cee-8be9-3b5c9851f945"
   },
   "source": [
    "Saate göre sıralama:"
   ]
  },
  {
   "cell_type": "code",
   "execution_count": 42,
   "id": "c88b1835-10f2-44b6-98cb-6f6c9aa4fdb8",
   "metadata": {
    "id": "c88b1835-10f2-44b6-98cb-6f6c9aa4fdb8",
    "outputId": "cb7d2194-caed-4a26-b677-73acacbe93f3"
   },
   "outputs": [
    {
     "data": {
      "text/html": [
       "<div>\n",
       "<style scoped>\n",
       "    .dataframe tbody tr th:only-of-type {\n",
       "        vertical-align: middle;\n",
       "    }\n",
       "\n",
       "    .dataframe tbody tr th {\n",
       "        vertical-align: top;\n",
       "    }\n",
       "\n",
       "    .dataframe thead th {\n",
       "        text-align: right;\n",
       "    }\n",
       "</style>\n",
       "<table border=\"1\" class=\"dataframe\">\n",
       "  <thead>\n",
       "    <tr style=\"text-align: right;\">\n",
       "      <th></th>\n",
       "      <th>date</th>\n",
       "      <th>hour</th>\n",
       "      <th>store_id</th>\n",
       "      <th>imwh</th>\n",
       "    </tr>\n",
       "  </thead>\n",
       "  <tbody>\n",
       "    <tr>\n",
       "      <th>98</th>\n",
       "      <td>2022-06-05</td>\n",
       "      <td>0</td>\n",
       "      <td>282</td>\n",
       "      <td>35.50907</td>\n",
       "    </tr>\n",
       "    <tr>\n",
       "      <th>221</th>\n",
       "      <td>2022-06-05</td>\n",
       "      <td>1</td>\n",
       "      <td>282</td>\n",
       "      <td>30.98254</td>\n",
       "    </tr>\n",
       "    <tr>\n",
       "      <th>105</th>\n",
       "      <td>2022-06-05</td>\n",
       "      <td>2</td>\n",
       "      <td>282</td>\n",
       "      <td>30.18487</td>\n",
       "    </tr>\n",
       "    <tr>\n",
       "      <th>130</th>\n",
       "      <td>2022-06-05</td>\n",
       "      <td>3</td>\n",
       "      <td>282</td>\n",
       "      <td>29.05380</td>\n",
       "    </tr>\n",
       "    <tr>\n",
       "      <th>14</th>\n",
       "      <td>2022-06-05</td>\n",
       "      <td>4</td>\n",
       "      <td>282</td>\n",
       "      <td>30.33747</td>\n",
       "    </tr>\n",
       "    <tr>\n",
       "      <th>208</th>\n",
       "      <td>2022-06-05</td>\n",
       "      <td>5</td>\n",
       "      <td>282</td>\n",
       "      <td>30.65119</td>\n",
       "    </tr>\n",
       "    <tr>\n",
       "      <th>204</th>\n",
       "      <td>2022-06-05</td>\n",
       "      <td>6</td>\n",
       "      <td>282</td>\n",
       "      <td>29.86673</td>\n",
       "    </tr>\n",
       "    <tr>\n",
       "      <th>220</th>\n",
       "      <td>2022-06-05</td>\n",
       "      <td>7</td>\n",
       "      <td>282</td>\n",
       "      <td>47.21779</td>\n",
       "    </tr>\n",
       "    <tr>\n",
       "      <th>214</th>\n",
       "      <td>2022-06-05</td>\n",
       "      <td>8</td>\n",
       "      <td>282</td>\n",
       "      <td>54.72253</td>\n",
       "    </tr>\n",
       "    <tr>\n",
       "      <th>206</th>\n",
       "      <td>2022-06-05</td>\n",
       "      <td>9</td>\n",
       "      <td>282</td>\n",
       "      <td>52.37020</td>\n",
       "    </tr>\n",
       "    <tr>\n",
       "      <th>97</th>\n",
       "      <td>2022-06-05</td>\n",
       "      <td>10</td>\n",
       "      <td>282</td>\n",
       "      <td>55.88620</td>\n",
       "    </tr>\n",
       "    <tr>\n",
       "      <th>18</th>\n",
       "      <td>2022-06-05</td>\n",
       "      <td>11</td>\n",
       "      <td>282</td>\n",
       "      <td>53.77514</td>\n",
       "    </tr>\n",
       "    <tr>\n",
       "      <th>86</th>\n",
       "      <td>2022-06-05</td>\n",
       "      <td>12</td>\n",
       "      <td>282</td>\n",
       "      <td>55.32460</td>\n",
       "    </tr>\n",
       "    <tr>\n",
       "      <th>224</th>\n",
       "      <td>2022-06-05</td>\n",
       "      <td>13</td>\n",
       "      <td>282</td>\n",
       "      <td>53.77840</td>\n",
       "    </tr>\n",
       "    <tr>\n",
       "      <th>30</th>\n",
       "      <td>2022-06-05</td>\n",
       "      <td>14</td>\n",
       "      <td>282</td>\n",
       "      <td>53.49546</td>\n",
       "    </tr>\n",
       "    <tr>\n",
       "      <th>118</th>\n",
       "      <td>2022-06-05</td>\n",
       "      <td>15</td>\n",
       "      <td>282</td>\n",
       "      <td>52.93817</td>\n",
       "    </tr>\n",
       "    <tr>\n",
       "      <th>53</th>\n",
       "      <td>2022-06-05</td>\n",
       "      <td>16</td>\n",
       "      <td>282</td>\n",
       "      <td>52.19456</td>\n",
       "    </tr>\n",
       "    <tr>\n",
       "      <th>223</th>\n",
       "      <td>2022-06-05</td>\n",
       "      <td>17</td>\n",
       "      <td>282</td>\n",
       "      <td>53.11455</td>\n",
       "    </tr>\n",
       "    <tr>\n",
       "      <th>196</th>\n",
       "      <td>2022-06-05</td>\n",
       "      <td>18</td>\n",
       "      <td>282</td>\n",
       "      <td>51.56978</td>\n",
       "    </tr>\n",
       "    <tr>\n",
       "      <th>177</th>\n",
       "      <td>2022-06-05</td>\n",
       "      <td>19</td>\n",
       "      <td>282</td>\n",
       "      <td>55.32580</td>\n",
       "    </tr>\n",
       "    <tr>\n",
       "      <th>40</th>\n",
       "      <td>2022-06-05</td>\n",
       "      <td>20</td>\n",
       "      <td>282</td>\n",
       "      <td>56.56680</td>\n",
       "    </tr>\n",
       "    <tr>\n",
       "      <th>84</th>\n",
       "      <td>2022-06-05</td>\n",
       "      <td>21</td>\n",
       "      <td>282</td>\n",
       "      <td>52.07381</td>\n",
       "    </tr>\n",
       "    <tr>\n",
       "      <th>13</th>\n",
       "      <td>2022-06-05</td>\n",
       "      <td>22</td>\n",
       "      <td>282</td>\n",
       "      <td>45.50200</td>\n",
       "    </tr>\n",
       "    <tr>\n",
       "      <th>186</th>\n",
       "      <td>2022-06-05</td>\n",
       "      <td>23</td>\n",
       "      <td>282</td>\n",
       "      <td>33.87973</td>\n",
       "    </tr>\n",
       "  </tbody>\n",
       "</table>\n",
       "</div>"
      ],
      "text/plain": [
       "           date  hour  store_id      imwh\n",
       "98   2022-06-05     0       282  35.50907\n",
       "221  2022-06-05     1       282  30.98254\n",
       "105  2022-06-05     2       282  30.18487\n",
       "130  2022-06-05     3       282  29.05380\n",
       "14   2022-06-05     4       282  30.33747\n",
       "208  2022-06-05     5       282  30.65119\n",
       "204  2022-06-05     6       282  29.86673\n",
       "220  2022-06-05     7       282  47.21779\n",
       "214  2022-06-05     8       282  54.72253\n",
       "206  2022-06-05     9       282  52.37020\n",
       "97   2022-06-05    10       282  55.88620\n",
       "18   2022-06-05    11       282  53.77514\n",
       "86   2022-06-05    12       282  55.32460\n",
       "224  2022-06-05    13       282  53.77840\n",
       "30   2022-06-05    14       282  53.49546\n",
       "118  2022-06-05    15       282  52.93817\n",
       "53   2022-06-05    16       282  52.19456\n",
       "223  2022-06-05    17       282  53.11455\n",
       "196  2022-06-05    18       282  51.56978\n",
       "177  2022-06-05    19       282  55.32580\n",
       "40   2022-06-05    20       282  56.56680\n",
       "84   2022-06-05    21       282  52.07381\n",
       "13   2022-06-05    22       282  45.50200\n",
       "186  2022-06-05    23       282  33.87973"
      ]
     },
     "execution_count": 42,
     "metadata": {},
     "output_type": "execute_result"
    }
   ],
   "source": [
    "magaza_282_data = magaza_282_data.sort_values(by=\"hour\")\n",
    "magaza_282_data"
   ]
  },
  {
   "cell_type": "markdown",
   "id": "42a3cd1c-ecdc-4abe-8c10-c950c20848df",
   "metadata": {
    "id": "42a3cd1c-ecdc-4abe-8c10-c950c20848df"
   },
   "source": [
    "Büyüktür küçüktür işlemleri:"
   ]
  },
  {
   "cell_type": "code",
   "execution_count": 43,
   "id": "22b86243-77fe-4056-9dbe-fa3906aa9b39",
   "metadata": {
    "id": "22b86243-77fe-4056-9dbe-fa3906aa9b39",
    "outputId": "456bb386-4441-4de8-9cdc-f5578e21424f"
   },
   "outputs": [
    {
     "data": {
      "text/html": [
       "<div>\n",
       "<style scoped>\n",
       "    .dataframe tbody tr th:only-of-type {\n",
       "        vertical-align: middle;\n",
       "    }\n",
       "\n",
       "    .dataframe tbody tr th {\n",
       "        vertical-align: top;\n",
       "    }\n",
       "\n",
       "    .dataframe thead th {\n",
       "        text-align: right;\n",
       "    }\n",
       "</style>\n",
       "<table border=\"1\" class=\"dataframe\">\n",
       "  <thead>\n",
       "    <tr style=\"text-align: right;\">\n",
       "      <th></th>\n",
       "      <th>date</th>\n",
       "      <th>hour</th>\n",
       "      <th>store_id</th>\n",
       "      <th>imwh</th>\n",
       "    </tr>\n",
       "  </thead>\n",
       "  <tbody>\n",
       "    <tr>\n",
       "      <th>97</th>\n",
       "      <td>2022-06-05</td>\n",
       "      <td>10</td>\n",
       "      <td>282</td>\n",
       "      <td>55.8862</td>\n",
       "    </tr>\n",
       "    <tr>\n",
       "      <th>86</th>\n",
       "      <td>2022-06-05</td>\n",
       "      <td>12</td>\n",
       "      <td>282</td>\n",
       "      <td>55.3246</td>\n",
       "    </tr>\n",
       "    <tr>\n",
       "      <th>177</th>\n",
       "      <td>2022-06-05</td>\n",
       "      <td>19</td>\n",
       "      <td>282</td>\n",
       "      <td>55.3258</td>\n",
       "    </tr>\n",
       "    <tr>\n",
       "      <th>40</th>\n",
       "      <td>2022-06-05</td>\n",
       "      <td>20</td>\n",
       "      <td>282</td>\n",
       "      <td>56.5668</td>\n",
       "    </tr>\n",
       "  </tbody>\n",
       "</table>\n",
       "</div>"
      ],
      "text/plain": [
       "           date  hour  store_id     imwh\n",
       "97   2022-06-05    10       282  55.8862\n",
       "86   2022-06-05    12       282  55.3246\n",
       "177  2022-06-05    19       282  55.3258\n",
       "40   2022-06-05    20       282  56.5668"
      ]
     },
     "execution_count": 43,
     "metadata": {},
     "output_type": "execute_result"
    }
   ],
   "source": [
    "threshold_data = magaza_282_data[magaza_282_data[\"imwh\"] > 55]\n",
    "threshold_data"
   ]
  },
  {
   "cell_type": "code",
   "execution_count": 44,
   "id": "a5942b3d-12e1-472b-8552-c42eb726b704",
   "metadata": {
    "id": "a5942b3d-12e1-472b-8552-c42eb726b704"
   },
   "outputs": [
    {
     "name": "stdout",
     "output_type": "stream",
     "text": [
      "           date  hour  store_id     imwh\n",
      "40   2022-06-05    20       282  56.5668\n",
      "86   2022-06-05    12       282  55.3246\n",
      "97   2022-06-05    10       282  55.8862\n",
      "177  2022-06-05    19       282  55.3258\n"
     ]
    }
   ],
   "source": [
    "def getTresholds(storeId, upperLimit):\n",
    "    store_data = df[df[\"store_id\"] == storeId]\n",
    "    threshold_data = store_data[store_data[\"imwh\"] > upperLimit]\n",
    "    return threshold_data\n",
    "\n",
    "temp_db = getTresholds(282, 55)\n",
    "print(getTresholds(282, 55))"
   ]
  },
  {
   "cell_type": "code",
   "execution_count": 45,
   "id": "181a8ce2",
   "metadata": {},
   "outputs": [
    {
     "data": {
      "text/plain": [
       "0"
      ]
     },
     "execution_count": 45,
     "metadata": {},
     "output_type": "execute_result"
    }
   ],
   "source": [
    "client = MongoClient(\"mongodb+srv://test:1234@cluster0.abwolaq.mongodb.net/?retryWrites=true&w=majority\")\n",
    "db = client.get_database('electric')\n",
    "records = db.electric_records\n",
    "records.count_documents({})"
   ]
  },
  {
   "cell_type": "code",
   "execution_count": 48,
   "id": "1666b573",
   "metadata": {},
   "outputs": [
    {
     "data": {
      "text/plain": [
       "<pymongo.results.InsertManyResult at 0x1450f227c40>"
      ]
     },
     "execution_count": 48,
     "metadata": {},
     "output_type": "execute_result"
    }
   ],
   "source": [
    "records.insert_many(temp_db.to_dict(\"records\"))"
   ]
  },
  {
   "cell_type": "code",
   "execution_count": 49,
   "id": "950b3474",
   "metadata": {},
   "outputs": [
    {
     "data": {
      "text/plain": [
       "[{'_id': ObjectId('64df111832f70f11d345d17a'),\n",
       "  'date': '2022-06-05',\n",
       "  'hour': 20,\n",
       "  'store_id': 282,\n",
       "  'imwh': 56.5668},\n",
       " {'_id': ObjectId('64df111832f70f11d345d17b'),\n",
       "  'date': '2022-06-05',\n",
       "  'hour': 12,\n",
       "  'store_id': 282,\n",
       "  'imwh': 55.3246},\n",
       " {'_id': ObjectId('64df111832f70f11d345d17c'),\n",
       "  'date': '2022-06-05',\n",
       "  'hour': 10,\n",
       "  'store_id': 282,\n",
       "  'imwh': 55.8862},\n",
       " {'_id': ObjectId('64df111832f70f11d345d17d'),\n",
       "  'date': '2022-06-05',\n",
       "  'hour': 19,\n",
       "  'store_id': 282,\n",
       "  'imwh': 55.3258}]"
      ]
     },
     "execution_count": 49,
     "metadata": {},
     "output_type": "execute_result"
    }
   ],
   "source": [
    "list(records.find())"
   ]
  },
  {
   "cell_type": "code",
   "execution_count": null,
   "id": "0d35e200",
   "metadata": {},
   "outputs": [],
   "source": []
  }
 ],
 "metadata": {
  "colab": {
   "provenance": []
  },
  "kernelspec": {
   "display_name": "Python 3 (ipykernel)",
   "language": "python",
   "name": "python3"
  },
  "language_info": {
   "codemirror_mode": {
    "name": "ipython",
    "version": 3
   },
   "file_extension": ".py",
   "mimetype": "text/x-python",
   "name": "python",
   "nbconvert_exporter": "python",
   "pygments_lexer": "ipython3",
   "version": "3.11.3"
  }
 },
 "nbformat": 4,
 "nbformat_minor": 5
}
